Fecha, Nombre, Símbolo, Precio (USD), Capitalización de Mercado (USD), Volumen de 24 horas (USD), Cambio de precio en 24 horas (%), Cambio de precio en 7 días (%)
2015-01-01, Bitcoin, BTC, 312.42, 4,274,168,983, 8,526,244, 0.56, -3.21
2015-01-01, Ethereum, ETH, 1.23, 12,345,678, 2,345,678, 1.23, 4.56
2015-01-01, Ripple, XRP, 0.008, 567,890, 345,678, -0.02, 0.78
2015-01-01, Litecoin, LTC, 3.50, 234,567, 123,456, -0.45, 1.20
2015-02-01, Bitcoin, BTC, 290.65, 3,984,372,582, 7,892,345, -1.32, -5.12
2015-02-01, Ethereum, ETH, 1.30, 13,456,789, 2,456,789, 0.56, 2.34
2015-02-01, Ripple, XRP, 0.007, 456,789, 234,567, -0.45, -1.23
2015-02-01, Litecoin, LTC, 3.40, 222,222, 111,111, 1.20, 3.45
2015-03-01, Bitcoin, BTC, 315.78, 4,320,785,189, 9,001,234, 2.10, 3.45
2015-03-01, Ethereum, ETH, 1.45, 14,567,890, 2,567,890, 0.98, 3.21
2015-03-01, Ripple, XRP, 0.009, 678,901, 456,789, 0.67, -0.56
2015-03-01, Litecoin, LTC, 3.90, 333,333, 222,222, 0.78, 2.10
2015-04-01, Bitcoin, BTC, 332.91, 4,564,879,234, 10,234,567, 1.98, 6.78
2015-04-01, Ethereum, ETH, 1.60, 16,789,012, 3,012,345, 2.34, 5.67
2015-04-01, Ripple, XRP, 0.011, 789,012, 567,890, 1.20, 3.45
2015-04-01, Litecoin, LTC, 4.10, 345,678, 234,567, 1.80, 4.32
2015-05-01, Bitcoin, BTC, 368.45, 5,019,876,543, 11,876,543, 3.20, 8.90
2015-05-01, Ethereum, ETH, 1.75, 17,890,123, 3,456,789, 2.56, 6.78
2015-05-01, Ripple, XRP, 0.014, 890,123, 678,901, 2.10, 5.43
2015-05-01, Litecoin, LTC, 4.50, 456,789, 345,678, 2.90, 7.01
2015-06-01, Bitcoin, BTC, 395.67, 5,421,890,123, 13,123,456, 1.67, 7.89
2015-06-01, Ethereum, ETH, 1.85, 19,012,345, 4,567,890, 2.10, 8.01
2015-06-01, Ripple, XRP, 0.016, 912,345, 789,012, 1.80, 6.54
2015-06-01, Litecoin, LTC, 5.00, 567,890, 456,789, 2.30, 7.89
2015-07-01, Bitcoin, BTC, 415.32, 5,699,234,567, 12,456,789, 0.78, 6.12
2015-07-01, Ethereum, ETH, 1.95, 20,123,456, 5,678,901, 1.20, 7.23
2015-07-01, Ripple, XRP, 0.018, 1,012,345, 890,123, 0.90, 5.67
2015-07-01, Litecoin, LTC, 5.20, 678,901, 567,890, 0.56, 4.32
2015-08-01, Bitcoin, BTC, 400.98, 5,486,012,345, 10,890,123, -1.32, 3.45
2015-08-01, Ethereum, ETH, 2.10, 21,234,567, 6,789,012, 1.80, 4.56
2015-08-01, Ripple, XRP, 0.020, 1,123,456, 1,012,345, 1.20, 3.21
2015-08-01, Litecoin, LTC, 5.60, 789,012, 678,901, 2.10, 5.67
2015-09-01, Bitcoin, BTC, 380.01, 5,210,234,567, 9,876,543, -2.12, 1.23
2015-09-01, Ethereum, ETH, 2.25, 22,345,678, 7,890,123, 1.98, 2.34
2015-09-01, Ripple, XRP, 0.022, 1,234,567, 1,123,456, 1.80, 3.45
2015-09-01, Litecoin, LTC, 5.80, 890,123, 789,012, 2.30, 4.56
2015-10-01, Bitcoin, BTC, 370.56, 5,080,345,678, 8,567,890, -1.98, -0.45
2015-10-01, Ethereum, ETH, 2.30, 23,456,789, 8,901,234, 1.10, 2.30
2015-10-01, Ripple, XRP, 0.025, 1,345,678, 1,234,567, 0.89, 1.20
2015-10-01, Litecoin, LTC, 6.00, 912,345, 890,123, 1.20, 3.45
2015-11-01, Bitcoin, BTC, 390.34, 5,348,901,234, 10,345,678, 2.32, 2.56
2015-11-01, Ethereum, ETH, 2.45, 24,567,890, 9,012,345, 1.80, 3.21
2015-11-01, Ripple, XRP, 0.028, 1,456,789, 1,345,678, 1.20, 2.30
2015-11-01, Litecoin, LTC, 6.20, 934,567, 912,345, 1.80, 3.45
2015-12-01, Bitcoin, BTC, 432.92, 6,818,921,054, 11,987,654, 0.47, 1.80
2015-12-01, Ethereum, ETH, 3.45, 45,678,901, 7,890,123, 1.98, 2.34
2015-12-01, Ripple, XRP, 0.014, 789,012, 123,456, 0.56, -0.67
2015-12-01, Litecoin, LTC, 4.20, 333,333, 222,222, 0.89, 1.23
